# id	left	top	right	bottom	texture_id
[SPRITES]
20001	1	375	16	390	30
20002	18	375	33	390	30
20011	52	1	67	16	30
20012	69	1	84	16	30
20013	86	1	101	16	30
20014	52	18	67	33	30
20015	69	18	84	33	30
20016	86	18	101	33	30
20017	52	35	67	50	30
20018	69	35	84	50	30
20019	86	35	101	50	30
20021	103	1	118	16	30
20022	120	1	135	16	30
20023	137	1	152	16	30
20024	103	18	118	33	30
20025	120	18	135	33	30
20026	137	18	152	33	30
20027	103	35	118	50	30
20028	120	35	135	50	30
20029	137	35	152	50	30

# ani_id	sprite1_id	time1	sprite2_id	time2	...
[ANIMATIONS]
10000	20001	1000
10001	20002	1000
10011	20011	1000
10012	20012	1000
10013	20013	1000
10014	20014	1000
10015	20015	1000
10016	20016	1000
10017	20017	1000
10018	20018	1000
10019	20019	1000
10021	20021	1000
10022	20022	1000
10023	20023	1000
10024	20024	1000
10025	20025	1000
10026	20026	1000
10027	20027	1000
10028	20028	1000
10029	20029	1000


