# id	left	top	right	bottom	texture_id
[SPRITES]
#####  BIG ###############
#IDLE
11121	1027	88	1042	119	0
11111	1	88	16	119	0

#WALKING RIGHT
11222	1009	88	1024	119	0
11223	1027	88	1042	119	0

#WALKING LEFT
11212	19	88	34	119	0
11213	1	88	16	119	0

#RUNNING RIGHT
11321	991	88	1006	119	0
11322	991	88	1006	119	0
11323	1027	88	1042	119	0

#RUNNING LEFT
11311	37	88	52	119	0
11312	37	88	52	119	0
11313	1	88	16	119	0

#JUMP WALK RIGHT & LEFT
11417	955	88	970	119	0
11413	73	88	88	119	0

#JUMP RUN RIGHT & LEFT
11427	851	88	874	119	0
11423	169	88	192	119	0

#SIT RIGHT & LEFT 
11521	973	96	988	119	0
11511	55	96	70	119	0

#BRACE RIGHT & LEFT 
11621	833	88	848	119	0
11611	195	88	210	119	0

#DIE
13001	213	88	228	119	0

############ SMALL ################
 #IDLE
12121	1027	16	1043	32	0
12111   1	16	17	32	0

#WALK RIGHT
12222	1009	16	1025	32	0
12223	1027	16	1043	32	0

#WALK LEFT
12212	19	16	35	32      0
12213   1	16	17	32	0


#RUN RIGHT
12321	955	16	971	32	0
12322	1009	16	1025	32	0
12323	1027	16	1043	32	0

#RUN LEFT
12311	73	16	89	32	0
12312	19	16	35	32      0
12313   1	16	17	32	0

#BRACE RIGHT & LEFT
12511	919	16	935	32	0
12521	55	16	71	32	0

#JUMP WALK RIGHT & LEFT 
12413	991	16	1007	32	0
12417	37	16	53	32	0

#JUMP RUN RIGHT & LEFT 
12423	937	16	953	55	0
12427	91	16	107     32      0

# ani_id	sprite1_id	time1	sprite2_id	time2	...
[ANIMATIONS]
400	11121	100
401	11111	100

#WALKING RIGHT & LEFT 
500	11121	100	11222	100	11223	100
501	11111	100	11212	100	11213	100

#RUNNING RIGHT & LEFT
600	11321	50	11322	50	11323	50
601	11311	50	11312	50	11313	50

#JUMP WALK
700	11417	100
701	11413	100

#JUMP RUN
800	11427	100
801	11423	100

#SIT RIGHT & LEFT 
900	11521	100
901	11511	100

#BRACE RIGHT & LEFT 
1000	11621	100
1001	11611	100

#DIE
999	13001	100

################### SMALL #################
1100	12121	100
1102	12111	100


#WALK LEFT & RIGHT 
1200	12121	100	12222	100	12223	100
1201	12111	100	12212	100	12213	100

#RUN LEFT & RIGHT
1300	12321	100	12322	100	12323	100
1301	12311	100	12312	100	12313	100

#BRACE LEFT & RIGHT
1401	12511	100
1400	12521	100

#JUMP WALK
1500	12417	100
1501	12413	100

#JUMP RUN 
1601	12423	100
1600	12427	100